2382
17791
60232
42620
2260
63539
10629
50418
63436
51009
33269
10420
36592
5469
31948
56835
30078
6535
26795
817
31687
54272
51050
64990
26213
2238
21177
25142
64699
27006
18628
56391
12149
59027
13102
45849
28589
25833
40697
11402
17085
32254
45488
3839
58059
7102
21143
15492
17855
41637
54560
20588
15700
24740
65382
53008
59382
21232
43910
50539
19724
16559
36999
15812
33987
8344
24081
9804
3363
50186
57666
51230
6459
38800
28479
46901
31923
46866
5936
55427
60299
42887
55402
16661
17454
20794
13746
61872
32499
43118
23373
56497
14933
10049
48598
59777
5268
28341
41798
24777
37523
13971
43285
4142
1660
2104
49503
41642
8148
65513
45220
58727
49085
9982
9587
40602
41012
38764
40479
1767
61823
62286
30176
3047
30495
18689
21989
5732
59970
64195
36529
54949
38079
61317
26214
28416
41434
13903
32810
30540
35530
26117
11051
42142
8652
44388
39964
9925
63506
35409
64876
61877
28441
4278
32882
31653
34163
8310
32623
60046
65436
49979
38100
5010
42985
34544
51983
1799
4746
11379
41056
35355
15616
37796
12060
54848
63679
56083
62410
9345
57317
8700
12920
63955
30427
62349
9058
18490
34483
53936
50973
22648
61536
41519
29653
2084
37098
15886
62075
21054
63576
52416
60336
53939
61706
25050
46031
8883
14634
3023
29418
37274
33996
25615
40039
1943
25265
2092
35076
22959
121
56342
24818
13592
62137
46391
57741
8210
2896
46156
42576
6798
14688
34042
42502
51149
19451
24028
28553
64838
61481
40767
13182
16769
11655
33099
56779
30935
6039
22801
59756
25801
5739
36418
26289
1796
38065
42595
1676
41333
42102
36197
16411
19247
13514
964
40912
42173
16835
24407
33896
32731
21336
25178
29865
38156
4115
9254
31957
3783
23245
62608
49974
38157
47385
57032
37707
3729
48821
22064
17959
54544
11164
34925
42998
6923
55937
28370
13644
38903
44679
44990
59979
49030
21966
39391
31029
14137
64573
28759
57460
29916
19479
5000
16724
24512
18900
1807
64330
1785
31494
26231
54145
30607
14086
34789
61494
4126
10221
39448
47824
23183
42236
17056
5565
6701
16920
11711
29472
25329
23362
13166
10892
57522
34035
33041
19924
65511
13194
29985
16949
8312
567
9825
37782
62406
15890
2768
3602
23513
35248
49150
54805
45248
61889
32503
23520
64812
55600
30102
64548
12744
1128
50788
28435
19179
23763
49967
53674
6991
63649
36221
52480
45937
36010
24409
52289
58873
51281
38591
12111
4229
41566
14995
17536
21352
21433
6524
37716
42231
30330
9754
39748
29631
26261
8235
51269
49422
53852
33927
41343
4234
13775
48618
29043
11410
26884
33531
8268
26649
12710
37611
11496
44964
63032
48572
36459
49804
59745
32757
29218
21947
47292
57227
55122
36872
34540
39234
51145
20591
39322
48909
38771
28144
6643
24902
8852
45553
55211
47626
22646
42762
33628
5182
39610
37203
64483
37482
10099
32987
21299
21902
10409
36098
12313
56619
22139
61127
21608
57414
50397
2574
53051
10169
23024
4520
54003
62554
6676
306
11069
21600
31101
16607
57921
6764
62510
42157
4648
21191
31679
14383
2806
32805
47492
44113
37131
17832
35539
27604
53360
40837
34686
40823
53453
23350
20332
29345
28561
7087
65204
1704
44559
6624
42795
60452
4543
48643
26081
2346
55976
42862
27208
18193
28703
18078
36470
40145
60511
40087
27609
21116
35961
21393
53396
6313
47604
19351
16183
37531
46667
64090
34738
44404
52385
64617
21595
59417
35834
53114
46160
261
31127
34199
44073
14135
2345
53
51797
60391
27688
54493
48393
25156
64665
53966
16154
8947
1701
28425
8008
6438
28973
22994
7478
26798
1309
43718
16392
46585
44771
26441
49024
48284
14970
28236
43234
40203
31212
54481
55281
57570
5570
33832
24929
23724
7975
1543
4684
30937
55906
12162
36606
6051
44724
8897
62901
62846
7116
33954
48982
39737
32346
59124
9131
32465
6621
11933
14248
57383
44795
3668
46593
2960
4294
46941
15337
39919
63824
20994
18634
58101
27760
7028
32499
63050
30624
42710
12383
54855
5270
28538
54424
27850
31554
60195
30438
39533
46095
41166
52652
27871
48638
31470
32778
52204
62215
59403
7493
12998
26803
12811
40139
20954
6422
22402
34242
2598
31190
15256
27787
1729
29047
3212
37727
9053
3998
44720
41935
51333
6363
61067
39268
52921
64265
24687
46157
21177
37258
37599
15925
5417
51709
33680
56638
37107
38865
53550
25040
21534
10288
42549
24093
26912
13819
53198
20865
47269
4008
24252
57653
22486
1089
54298
2776
13306
49912
32923
46764
39715
54911
61202
50983
51732
62591
680
9211
4714
54933
45711
10265
59632
53088
55383
57075
27702
12217
30683
9509
52628
53232
57278
50882
46380
64565
25740
18666
55837
31431
44663
4249
56680
7233
18143
58557
9798
2763
30640
26856
21507
64000
38654
40952
33337
8135
32246
64843
27282
969
26345
12235
39334
20593
33687
65188
52416
54096
52977
5024
58206
17393
29855
60926
64114
36169
28914
59736
36866
41037
5586
61992
23816
665
204
19441
47219
44110
56360
34611
17060
33093
23737
13912
41753
64686
12452
5178
50335
4244
42120
37743
5432
58819
19608
22308
24704
2346
60126
64418
19414
46054
35489
8511
54559
38665
36851
40829
26105
56894
33011
37613
42974
47291
4487
1565
49208
32970
31184
57275
36871
48160
8178
38277
65509
27580
59169
42914
59584
3727
5255
53785
21080
65410
16035
7490
13367
29523
31176
57808
45832
56864
17443
33886
44249
22701
12802
9957
57750
13222
10148
3810
56268
4329
60771
46353
3814
63716
1412
49732
11771
10799
3231
64405
12009
7353
18155
55805
35682
64783
49579
15783
19138
61843
6422
3956
1649
53000
15416
23036
9556
38388
45659
19095
54201
37754
62422
61839
639
20517
25577
33269
56366
27340
44559
13529
26491
65123
34721
64541
26300
31911
45758
32272
14638
52772
12690
46994
34798
44958
48521
26170
45923
26200
11508
31129
16625
3496
40766
12819
21051
37290
13481
59307
31025
23080
11884
19221
60750
16180
34717
6750
18506
31627
6801
63541
62013
24879
61847
19451
22561
57252
29085
45325
58050
51838
8515
41000
33109
61262
11190
13710
63600
44338
44190
34128
9815
64261
56683
2935
5810
50518
29942
56239
15325
51056
50391
8741
458
36015
13358
57657
24456
1574
49747
9348
10182
3381
56581
56495
55265
